Algorithm:  Range Search LSH 

CLUSTER-0  size: 717
Centroid: 0 0 0 0 0 0 0 0 0 0 0 0 0 0 0 0 0 0 0 0 0 0 0 0 0 0 0 0 0 0 0 0 0 0 0 0 0 0 0 0 0 0 0 0 0 0 0 0 0 0 0 0 0 0 0 0 0 0 0 0 0 0 0 0 0 0 0 0 0 0 0 0 0 0 0 0 0 0 0 0 0 0 0 0 0 0 0 0 0 0 0 0 0 0 0 0 0 0 0 19 0 0 0 0 0 0 0 0 0 0 0 0 0 0 0 0 0 0 0 0 0 0 0 0 0 43 119 129 66 0 0 0 0 0 0 0 0 0 0 0 0 0 0 0 0 0 0 0 0 0 0 0 70 165 206 180 79 0 0 0 0 0 0 0 0 0 0 0 0 0 0 0 0 0 0 0 0 0 0 40 184 218 211 156 25 0 0 0 0 0 0 0 0 0 0 0 0 0 0 0 0 0 0 0 0 0 1 147 231 233 174 50 0 0 0 0 0 0 0 0 0 0 0 0 0 0 0 0 0 0 0 0 0 0 66 230 244 210 65 0 0 0 0 0 0 0 0 0 0 0 0 0 0 0 0 0 0 0 0 0 0 0 176 247 233 124 0 0 0 0 0 0 0 0 0 0 0 0 0 0 0 0 0 0 0 0 0 0 0 64 233 251 209 17 0 0 0 0 0 0 0 0 0 0 0 0 0 0 0 0 0 0 0 0 0 0 0 152 252 251 108 0 0 0 0 0 0 0 0 0 0 0 0 0 0 0 0 0 0 0 0 0 0 0 19 218 252 225 40 0 0 0 7 74 128 127 59 0 0 0 0 0 0 0 0 0 0 0 0 0 0 0 81 247 252 186 12 0 0 70 164 213 233 232 201 49 0 0 0 0 0 0 0 0 0 0 0 0 0 0 129 252 252 139 10 14 127 221 241 241 244 250 236 128 0 0 0 0 0 0 0 0 0 0 0 0 0 0 170 252 252 128 42 128 215 231 204 168 188 234 239 151 0 0 0 0 0 0 0 0 0 0 0 0 0 3 191 252 252 147 112 191 208 169 66 56 132 236 247 147 0 0 0 0 0 0 0 0 0 0 0 0 0 0 175 252 252 195 151 183 170 79 34 91 211 251 238 111 0 0 0 0 0 0 0 0 0 0 0 0 0 0 144 250 252 248 221 205 188 176 182 233 252 252 202 21 0 0 0 0 0 0 0 0 0 0 0 0 0 0 84 233 252 252 252 252 252 253 252 253 252 215 66 0 0 0 0 0 0 0 0 0 0 0 0 0 0 0 1 141 245 252 252 253 253 253 252 252 191 60 0 0 0 0 0 0 0 0 0 0 0 0 0 0 0 0 0 3 90 170 232 252 249 214 148 83 9 0 0 0 0 0 0 0 0 0 0 0 0 0 0 0 0 0 0 0 0 0 0 0 0 0 0 0 0 0 0 0 0 0 0 0 0 0 0 0 0 0 0 0 0 0 0 0 0 0 0 0 0 0 0 0 0 0 0 0 0 0 0 0 0 0 0 0 0 0 0 0 0 0 0 0 0 0 0 0 0 0 0 0 0 0 0 0 0 0 0 0 0 0 0 0 0 0 0 0 0 0 0 0 0 0 0 0 0 0 0 0 0 0 0 0 0 0 0 0 0 0 0 0 0 0 0 0 0 0 0 0 0 0 0 0 0 0 0 0 0 0 0 0 0 0 0 0 0 0 0 0 0 0 0 0 0 0 0 0 0 0 0 0 0 0 0 0 0 0 0 0 0 0 0 0 0 0 

CLUSTER-1  size: 1119
Centroid: 0 0 0 0 0 0 0 0 0 0 0 0 0 0 0 0 0 0 0 0 0 0 0 0 0 0 0 0 0 0 0 0 0 0 0 0 0 0 0 0 0 0 0 0 0 0 0 0 0 0 0 0 0 0 0 0 0 0 0 0 0 0 0 0 0 0 0 0 0 0 0 0 0 0 0 0 0 0 0 0 0 0 0 0 0 0 0 0 0 0 0 0 0 0 0 0 0 0 0 0 0 0 0 0 0 0 0 0 0 0 0 0 0 0 0 0 0 0 0 0 0 0 0 0 0 0 0 0 0 0 0 0 0 0 0 0 0 0 0 0 0 0 0 0 0 0 0 0 0 0 0 0 0 0 0 0 0 0 0 0 0 0 0 0 0 0 0 0 0 0 0 0 0 0 0 0 0 0 0 0 0 0 0 0 0 0 0 0 0 0 0 0 0 0 0 0 0 0 0 0 0 0 0 0 0 0 15 52 102 138 146 155 146 113 38 0 0 0 0 0 0 0 0 0 0 0 0 0 0 0 0 0 14 108 178 227 241 243 242 237 248 242 189 71 0 0 0 0 0 0 0 0 0 0 0 0 0 0 0 0 86 183 232 245 233 211 193 190 223 247 236 128 0 0 0 0 0 0 0 0 0 0 0 0 0 0 0 0 50 134 187 160 102 41 12 45 130 227 234 135 0 0 0 0 0 0 0 0 0 0 0 0 0 0 0 0 0 54 76 18 0 0 0 0 75 219 233 108 0 0 0 0 0 0 0 0 0 0 0 0 0 0 0 0 0 0 0 0 0 0 0 0 125 236 223 60 0 0 0 0 0 0 0 0 0 0 0 0 0 0 0 0 0 0 0 0 0 0 0 16 196 250 207 19 0 0 0 0 0 0 0 0 0 0 0 0 0 0 0 0 0 0 0 0 0 0 0 69 234 248 158 0 0 0 0 0 0 0 0 0 0 0 0 0 0 0 0 0 0 0 0 0 0 0 0 128 252 238 85 0 0 0 0 0 0 0 0 0 0 0 0 0 0 0 0 0 0 0 0 0 0 0 24 207 252 209 25 0 0 0 0 0 0 0 0 0 0 0 0 0 0 0 0 0 0 0 0 0 0 0 88 250 251 146 0 0 0 0 0 0 0 0 0 0 0 0 0 0 0 0 0 0 0 0 0 0 0 0 176 252 228 63 0 0 0 0 0 0 0 0 0 0 0 0 0 0 0 0 0 0 0 0 0 0 0 43 228 252 171 6 0 0 0 0 0 0 0 0 0 0 0 0 0 0 0 0 0 0 0 0 0 0 0 117 249 232 101 0 0 0 0 0 0 0 0 0 0 0 0 0 0 0 0 0 0 0 0 0 0 0 11 185 244 172 20 0 0 0 0 0 0 0 0 0 0 0 0 0 0 0 0 0 0 0 0 0 0 0 64 209 217 101 0 0 0 0 0 0 0 0 0 0 0 0 0 0 0 0 0 0 0 0 0 0 0 0 111 190 164 28 0 0 0 0 0 0 0 0 0 0 0 0 0 0 0 0 0 0 0 0 0 0 0 0 91 145 85 0 0 0 0 0 0 0 0 0 0 0 0 0 0 0 0 0 0 0 0 0 0 0 0 0 12 44 0 0 0 0 0 0 0 0 0 0 0 0 0 0 0 0 0 0 0 0 0 0 0 0 0 0 0 0 0 0 0 0 0 0 0 0 0 0 0 0 0 0 0 0 0 0 0 0 0 0 0 0 0 0 0 0 0 0 0 0 0 0 0 0 0 0 0 0 0 0 

CLUSTER-2  size: 857
Centroid: 0 0 0 0 0 0 0 0 0 0 0 0 0 0 0 0 0 0 0 0 0 0 0 0 0 0 0 0 0 0 0 0 0 0 0 0 0 0 0 0 0 0 0 0 0 0 0 0 0 0 0 0 0 0 0 0 0 0 0 0 0 0 0 0 0 0 0 0 0 0 0 0 0 0 0 0 0 0 0 0 0 0 0 0 0 0 0 0 0 0 0 0 0 0 0 0 0 0 0 0 0 0 0 0 0 0 0 0 0 0 0 0 0 0 0 0 0 0 0 0 0 0 0 6 61 104 114 63 4 0 0 0 0 0 0 0 0 0 0 0 0 0 0 0 0 0 0 0 0 38 141 215 250 252 252 243 198 114 6 0 0 0 0 0 0 0 0 0 0 0 0 0 0 0 0 0 19 145 221 237 239 232 229 225 220 183 78 0 0 0 0 0 0 0 0 0 0 0 0 0 0 0 0 0 45 139 162 138 94 52 67 106 148 161 96 0 0 0 0 0 0 0 0 0 0 0 0 0 0 0 0 0 11 39 30 0 0 0 0 4 77 124 72 0 0 0 0 0 0 0 0 0 0 0 0 0 0 0 0 0 0 0 0 0 0 0 0 2 66 108 40 0 0 0 0 0 0 0 0 0 0 0 0 0 0 0 0 0 0 0 0 0 0 0 4 53 104 85 17 0 0 0 0 0 0 0 0 0 0 0 0 0 0 0 0 0 0 0 0 0 15 63 113 167 154 77 5 0 0 0 0 0 0 0 0 0 0 0 0 0 0 0 0 0 0 0 5 55 113 173 190 214 194 98 15 0 0 0 0 0 0 0 0 0 0 0 0 0 0 0 0 0 0 0 0 41 82 128 170 191 178 126 51 0 0 0 0 0 0 0 0 0 0 0 0 0 0 0 0 0 0 0 0 0 0 0 18 43 50 63 82 59 0 0 0 0 0 0 0 0 0 0 0 0 0 0 0 0 0 0 0 0 0 0 0 0 0 0 53 114 51 0 0 0 0 0 0 0 0 0 0 0 0 0 0 0 0 0 0 0 0 0 0 0 0 0 9 122 97 7 0 0 0 0 0 0 0 0 0 0 0 0 0 0 0 0 0 0 0 0 0 0 0 0 0 132 140 25 0 0 0 0 0 0 0 0 0 0 0 0 0 0 0 0 0 0 0 0 0 0 0 0 32 168 162 47 0 0 0 0 0 0 0 0 0 0 0 0 0 0 15 31 3 0 0 0 0 0 0 9 135 214 175 53 0 0 0 0 0 0 0 0 0 0 0 0 0 0 73 139 122 38 0 0 0 11 78 171 230 233 162 12 0 0 0 0 0 0 0 0 0 0 0 0 0 0 102 207 232 206 184 167 180 215 237 246 241 189 43 0 0 0 0 0 0 0 0 0 0 0 0 0 0 0 31 158 235 252 252 252 252 252 247 213 139 22 0 0 0 0 0 0 0 0 0 0 0 0 0 0 0 0 0 8 94 155 202 211 192 147 94 20 0 0 0 0 0 0 0 0 0 0 0 0 0 0 0 0 0 0 0 0 0 0 0 0 0 0 0 0 0 0 0 0 0 0 0 0 0 0 0 0 0 0 0 0 0 0 0 0 0 0 0 0 0 0 0 0 0 0 0 0 0 0 0 0 0 0 0 0 0 0 0 0 0 0 0 0 0 0 0 0 0 0 0 0 0 0 0 0 0 0 0 0 0 0 0 0 0 0 0 0 0 0 0 0 0 0 0 0 0 0 0 0 0 0 0 0 0 0 0 0 0 0 

CLUSTER-3  size: 1891
Centroid: 0 0 0 0 0 0 0 0 0 0 0 0 0 0 0 0 0 0 0 0 0 0 0 0 0 0 0 0 0 0 0 0 0 0 0 0 0 0 0 0 0 0 0 0 0 0 0 0 0 0 0 0 0 0 0 0 0 0 0 0 0 0 0 0 0 0 0 0 0 0 0 0 0 0 0 0 0 0 0 0 0 0 0 0 0 0 0 0 0 0 0 0 0 0 0 0 0 0 0 0 0 0 0 0 0 0 0 0 0 0 0 0 0 0 0 0 0 0 0 0 0 0 0 0 0 0 0 0 0 0 0 0 0 0 0 0 0 0 0 0 0 0 0 0 0 0 0 0 0 0 0 0 0 0 0 0 0 0 0 0 0 0 0 0 0 0 0 0 0 0 0 0 0 0 0 0 0 0 0 0 0 0 10 53 40 0 0 0 0 0 0 0 0 0 0 0 0 0 0 0 0 0 0 0 0 0 0 0 0 0 55 114 78 17 0 0 0 0 0 0 0 0 0 0 0 0 0 0 0 0 0 0 0 0 0 0 0 0 99 158 128 46 0 0 0 0 0 0 0 0 0 0 0 0 0 0 0 0 0 0 0 0 0 0 0 13 156 203 171 56 0 0 0 0 0 0 0 0 0 0 0 0 0 0 0 0 0 0 0 0 0 0 0 36 190 226 167 33 0 0 0 0 0 0 0 0 0 0 0 0 0 0 0 0 0 0 0 0 0 0 0 64 215 244 150 0 0 0 0 0 0 0 0 0 0 0 0 0 0 0 0 0 0 0 0 0 0 0 0 105 246 252 125 0 0 0 0 0 0 0 0 0 0 0 0 0 0 0 0 0 0 0 0 0 0 0 0 160 252 248 77 0 0 0 0 0 0 0 0 0 0 0 0 0 0 0 0 0 0 0 0 0 0 0 36 212 253 228 39 0 0 0 0 0 0 0 0 0 0 0 0 0 0 0 0 0 0 0 0 0 0 0 79 238 253 191 5 0 0 0 0 0 0 0 0 0 0 0 0 0 0 0 0 0 0 0 0 0 0 0 112 247 252 137 0 0 0 0 0 0 0 0 0 0 0 0 0 0 0 0 0 0 0 0 0 0 0 0 124 235 228 86 0 0 0 0 0 0 0 0 0 0 0 0 0 0 0 0 0 0 0 0 0 0 0 14 142 215 194 57 0 0 0 0 0 0 0 0 0 0 0 0 0 0 0 0 0 0 0 0 0 0 0 55 168 202 170 41 0 0 0 0 0 0 0 0 0 0 0 0 0 0 0 0 0 0 0 0 0 0 0 79 166 182 141 25 0 0 0 0 0 0 0 0 0 0 0 0 0 0 0 0 0 0 0 0 0 0 0 50 109 132 82 0 0 0 0 0 0 0 0 0 0 0 0 0 0 0 0 0 0 0 0 0 0 0 0 0 25 40 4 0 0 0 0 0 0 0 0 0 0 0 0 0 0 0 0 0 0 0 0 0 0 0 0 0 0 0 0 0 0 0 0 0 0 0 0 0 0 0 0 0 0 0 0 0 0 0 0 0 0 0 0 0 0 0 0 0 0 0 0 0 0 0 0 0 0 0 0 0 0 0 0 0 0 0 0 0 0 0 0 0 0 0 0 0 0 0 0 0 0 0 0 0 0 0 0 0 0 0 0 0 0 0 0 0 0 0 0 0 0 0 0 0 0 0 0 0 0 0 0 0 0 0 0 0 0 0 0 0 0 0 0 0 0 0 0 0 0 0 0 0 0 0 0 0 0 0 0 0 0 0 0 0 

CLUSTER-4  size: 677
Centroid: 0 0 0 0 0 0 0 0 0 0 0 0 0 0 0 0 0 0 0 0 0 0 0 0 0 0 0 0 0 0 0 0 0 0 0 0 0 0 0 0 0 0 0 0 0 0 0 0 0 0 0 0 0 0 0 0 0 0 0 0 0 0 0 0 0 0 0 0 0 0 0 0 0 0 0 0 0 0 0 0 0 0 0 0 0 0 0 0 0 0 0 0 0 0 0 0 0 0 0 0 0 0 0 0 0 0 0 0 0 0 0 0 0 0 0 0 0 0 0 0 0 0 0 0 0 0 0 0 0 0 0 0 0 0 0 0 0 0 0 0 0 0 0 0 0 0 0 0 0 0 0 0 0 51 128 185 209 189 130 59 0 0 0 0 0 0 0 0 0 0 0 0 0 0 0 0 0 0 0 9 117 221 251 252 252 252 251 225 128 10 0 0 0 0 0 0 0 0 0 0 0 0 0 0 0 0 13 139 233 252 252 252 252 252 252 252 228 128 0 0 0 0 0 0 0 0 0 0 0 0 0 0 0 2 141 242 252 252 252 234 192 196 226 250 248 187 29 0 0 0 0 0 0 0 0 0 0 0 0 0 0 124 242 252 252 232 159 59 20 26 76 191 246 227 112 0 0 0 0 0 0 0 0 0 0 0 0 0 62 234 252 252 215 81 5 0 0 0 0 85 222 250 179 0 0 0 0 0 0 0 0 0 0 0 0 18 202 252 252 227 89 0 0 0 0 0 0 14 196 247 202 4 0 0 0 0 0 0 0 0 0 0 0 121 251 252 252 124 0 0 0 0 0 0 0 0 185 244 225 28 0 0 0 0 0 0 0 0 0 0 13 198 252 252 203 25 0 0 0 0 0 0 0 0 187 241 226 24 0 0 0 0 0 0 0 0 0 0 71 249 252 245 93 0 0 0 0 0 0 0 0 30 216 247 201 3 0 0 0 0 0 0 0 0 0 0 151 252 252 169 4 0 0 0 0 0 0 0 0 120 242 244 161 0 0 0 0 0 0 0 0 0 0 6 199 252 251 90 0 0 0 0 0 0 0 0 51 205 251 231 103 0 0 0 0 0 0 0 0 0 0 36 230 252 237 57 0 0 0 0 0 0 0 41 191 251 251 185 21 0 0 0 0 0 0 0 0 0 0 29 225 252 235 56 0 0 0 0 0 0 64 193 251 252 219 76 0 0 0 0 0 0 0 0 0 0 0 12 200 252 251 149 18 0 0 0 35 151 232 252 252 232 104 0 0 0 0 0 0 0 0 0 0 0 0 0 151 248 252 246 191 144 144 174 230 252 252 252 226 114 0 0 0 0 0 0 0 0 0 0 0 0 0 0 58 214 252 252 252 252 252 252 252 252 249 202 78 0 0 0 0 0 0 0 0 0 0 0 0 0 0 0 0 81 196 252 252 252 252 252 251 203 119 20 0 0 0 0 0 0 0 0 0 0 0 0 0 0 0 0 0 0 9 99 158 195 178 137 83 8 0 0 0 0 0 0 0 0 0 0 0 0 0 0 0 0 0 0 0 0 0 0 0 0 0 0 0 0 0 0 0 0 0 0 0 0 0 0 0 0 0 0 0 0 0 0 0 0 0 0 0 0 0 0 0 0 0 0 0 0 0 0 0 0 0 0 0 0 0 0 0 0 0 0 0 0 0 0 0 0 0 0 0 0 0 0 0 0 0 0 0 0 0 0 0 0 0 0 0 0 0 0 0 0 0 0 0 0 0 0 0 0 0 0 0 0 0 0 0 0 0 0 0 0 

CLUSTER-5  size: 1049
Centroid: 0 0 0 0 0 0 0 0 0 0 0 0 0 0 0 0 0 0 0 0 0 0 0 0 0 0 0 0 0 0 0 0 0 0 0 0 0 0 0 0 0 0 0 0 0 0 0 0 0 0 0 0 0 0 0 0 0 0 0 0 0 0 0 0 0 0 0 0 0 0 0 0 0 0 0 0 0 0 0 0 0 0 0 0 0 0 0 0 0 0 0 0 0 0 0 0 0 0 0 0 0 0 0 0 0 0 0 0 0 0 0 0 0 0 0 0 0 0 0 0 0 0 0 0 0 0 0 0 0 0 0 0 0 0 0 0 0 0 0 0 0 0 0 0 0 0 0 0 0 0 0 0 0 0 0 0 0 0 0 0 0 0 0 0 0 0 0 0 0 0 0 0 0 0 0 0 0 0 0 0 0 0 0 0 0 0 0 0 0 0 0 0 0 0 0 0 0 0 0 0 0 0 0 0 0 0 0 5 0 0 0 0 0 15 19 14 0 0 0 0 0 0 0 0 0 0 0 0 0 0 0 0 0 0 11 18 7 0 0 0 0 4 57 63 18 0 0 0 0 0 0 0 0 0 0 0 0 0 0 0 0 5 30 17 0 0 0 0 0 5 91 116 51 0 0 0 0 0 0 0 0 0 0 0 0 0 0 0 0 27 26 0 0 0 0 0 0 11 136 166 79 0 0 0 0 0 0 0 0 0 0 0 0 0 0 0 19 50 13 0 0 0 0 0 0 60 193 191 75 0 0 0 0 0 0 0 0 0 0 0 0 0 0 0 84 65 0 0 0 0 0 0 0 153 234 206 57 0 0 0 0 0 0 0 0 0 0 0 0 0 0 24 138 67 0 0 0 0 0 0 93 227 248 180 16 0 0 0 0 0 0 0 0 0 0 0 0 0 0 69 151 103 14 0 0 0 0 75 208 251 244 132 0 0 0 0 0 0 0 0 0 0 0 0 0 0 0 105 192 175 123 83 85 94 140 212 252 252 231 94 0 0 0 0 0 0 0 0 0 0 0 0 0 0 0 109 209 222 214 202 202 208 232 250 252 252 207 65 0 0 0 0 0 0 0 0 0 0 0 0 0 0 0 37 134 186 195 186 177 199 232 250 251 223 162 55 0 0 0 0 0 0 0 0 0 0 0 0 0 0 0 0 24 50 64 65 75 119 187 226 200 169 111 15 0 0 0 0 0 0 0 0 0 0 0 0 0 0 0 0 0 0 0 0 27 83 156 137 109 64 35 0 0 0 0 0 0 0 0 0 0 0 0 0 0 0 0 0 0 0 0 0 18 67 78 42 18 0 0 0 0 0 0 0 0 0 0 0 0 0 0 0 0 0 0 0 0 0 0 0 0 2 0 0 0 0 0 0 0 0 0 0 0 0 0 0 0 0 0 0 0 0 0 0 0 0 0 0 0 0 0 0 0 0 0 0 0 0 0 0 0 0 0 0 0 0 0 0 0 0 0 0 0 0 0 0 0 0 0 0 0 0 0 0 0 0 0 0 0 0 0 0 0 0 0 0 0 0 0 0 0 0 0 0 0 0 0 0 0 0 0 0 0 0 0 0 0 0 0 0 0 0 0 0 0 0 0 0 0 0 0 0 0 0 0 0 0 0 0 0 0 0 0 0 0 0 0 0 0 0 0 0 0 0 0 0 0 0 0 0 0 0 0 0 0 0 0 0 0 0 0 0 0 0 0 0 0 0 0 0 0 0 0 0 0 0 0 0 0 0 0 0 0 0 0 0 0 0 0 0 0 0 0 0 

CLUSTER-6  size: 1123
Centroid: 0 0 0 0 0 0 0 0 0 0 0 0 0 0 0 0 0 0 0 0 0 0 0 0 0 0 0 0 0 0 0 0 0 0 0 0 0 0 0 0 0 0 0 0 0 0 0 0 0 0 0 0 0 0 0 0 0 0 0 0 0 0 0 0 0 0 0 0 0 0 0 0 0 0 0 0 0 0 0 0 0 0 0 0 0 0 0 0 0 0 0 0 0 0 0 0 0 0 0 0 0 0 0 0 0 0 0 0 0 0 0 0 0 0 0 0 0 0 0 0 0 0 0 0 0 0 0 0 0 0 0 0 0 0 0 0 0 0 0 0 0 0 0 0 0 0 0 0 0 0 0 0 0 0 0 0 0 0 0 0 0 0 0 0 0 0 0 0 0 0 0 0 0 0 0 0 0 0 0 0 0 0 0 0 0 0 0 0 0 0 0 0 0 0 0 0 0 0 0 0 0 0 0 0 0 0 18 69 130 134 146 135 136 122 60 1 0 0 0 0 0 0 0 0 0 0 0 0 0 0 0 0 0 43 165 204 189 138 86 96 137 162 131 43 0 0 0 0 0 0 0 0 0 0 0 0 0 0 0 0 16 171 229 212 111 9 0 2 70 146 146 49 0 0 0 0 0 0 0 0 0 0 0 0 0 0 0 0 115 234 230 124 0 0 0 0 35 169 176 80 0 0 0 0 0 0 0 0 0 0 0 0 0 0 0 6 190 243 183 15 0 0 0 0 65 217 202 100 0 0 0 0 0 0 0 0 0 0 0 0 0 0 0 51 223 243 134 0 0 0 0 11 168 250 222 88 0 0 0 0 0 0 0 0 0 0 0 0 0 0 0 86 239 245 160 18 0 0 35 128 245 252 236 88 0 0 0 0 0 0 0 0 0 0 0 0 0 0 0 83 239 251 222 170 152 166 197 237 252 252 234 56 0 0 0 0 0 0 0 0 0 0 0 0 0 0 0 23 193 244 246 246 245 244 233 243 253 253 208 28 0 0 0 0 0 0 0 0 0 0 0 0 0 0 0 0 29 116 161 167 162 148 154 193 252 252 169 0 0 0 0 0 0 0 0 0 0 0 0 0 0 0 0 0 0 0 0 0 0 0 15 143 252 239 108 0 0 0 0 0 0 0 0 0 0 0 0 0 0 0 0 0 0 0 0 0 0 0 0 142 251 206 43 0 0 0 0 0 0 0 0 0 0 0 0 0 0 0 0 0 0 0 0 0 0 0 0 155 239 176 10 0 0 0 0 0 0 0 0 0 0 0 0 0 0 0 0 0 0 0 0 0 0 0 24 188 225 146 0 0 0 0 0 0 0 0 0 0 0 0 0 0 0 0 0 0 0 0 0 0 0 0 64 201 215 96 0 0 0 0 0 0 0 0 0 0 0 0 0 0 0 0 0 0 0 0 0 0 0 0 87 191 184 57 0 0 0 0 0 0 0 0 0 0 0 0 0 0 0 0 0 0 0 0 0 0 0 0 67 137 129 10 0 0 0 0 0 0 0 0 0 0 0 0 0 0 0 0 0 0 0 0 0 0 0 0 0 44 33 0 0 0 0 0 0 0 0 0 0 0 0 0 0 0 0 0 0 0 0 0 0 0 0 0 0 0 0 0 0 0 0 0 0 0 0 0 0 0 0 0 0 0 0 0 0 0 0 0 0 0 0 0 0 0 0 0 0 0 0 0 0 0 0 0 0 0 0 0 0 0 0 0 0 0 0 0 0 0 0 0 0 0 0 0 0 0 0 0 0 0 0 0 0 0 

CLUSTER-7  size: 962
Centroid: 0 0 0 0 0 0 0 0 0 0 0 0 0 0 0 0 0 0 0 0 0 0 0 0 0 0 0 0 0 0 0 0 0 0 0 0 0 0 0 0 0 0 0 0 0 0 0 0 0 0 0 0 0 0 0 0 0 0 0 0 0 0 0 0 0 0 0 0 0 0 0 0 0 0 0 0 0 0 0 0 0 0 0 0 0 0 0 0 0 0 0 0 0 0 0 0 0 0 0 0 0 0 0 0 0 0 0 0 0 0 0 0 0 0 0 0 0 0 0 0 0 0 0 0 0 0 0 0 0 0 0 0 0 0 0 0 0 0 0 0 0 0 0 0 0 0 0 0 0 0 0 9 72 132 157 170 155 127 26 0 0 0 0 0 0 0 0 0 0 0 0 0 0 0 0 0 0 0 86 194 246 252 252 252 252 243 180 68 0 0 0 0 0 0 0 0 0 0 0 0 0 0 0 0 0 85 210 250 252 251 236 227 232 233 217 134 4 0 0 0 0 0 0 0 0 0 0 0 0 0 0 0 0 124 227 229 174 96 61 56 117 174 204 135 12 0 0 0 0 0 0 0 0 0 0 0 0 0 0 0 0 115 176 119 23 0 0 0 62 172 200 102 0 0 0 0 0 0 0 0 0 0 0 0 0 0 0 0 0 51 99 50 0 0 0 14 118 211 169 38 0 0 0 0 0 0 0 0 0 0 0 0 0 0 0 0 0 17 94 85 40 20 34 123 215 212 101 0 0 0 0 0 0 0 0 0 0 0 0 0 0 0 0 0 0 0 113 173 179 186 197 233 233 163 19 0 0 0 0 0 0 0 0 0 0 0 0 0 0 0 0 0 0 0 81 212 245 252 252 252 223 100 0 0 0 0 0 0 0 0 0 0 0 0 0 0 0 0 0 0 0 0 43 199 252 253 253 252 225 99 0 0 0 0 0 0 0 0 0 0 0 0 0 0 0 0 0 0 0 0 22 150 233 252 252 247 232 164 37 0 0 0 0 0 0 0 0 0 0 0 0 0 0 0 0 0 0 0 3 82 141 126 128 170 210 209 130 0 0 0 0 0 0 0 0 0 0 0 0 0 0 0 0 0 0 0 0 22 12 0 0 20 128 218 197 43 0 0 0 0 0 0 0 0 0 0 0 0 0 0 0 0 0 0 0 0 0 0 0 0 66 203 220 98 0 0 0 0 0 0 0 0 0 0 0 0 0 0 0 0 0 0 1 5 0 0 0 0 102 219 225 104 0 0 0 0 0 0 0 0 0 0 0 0 0 0 0 0 0 5 58 51 0 0 0 42 189 242 221 67 0 0 0 0 0 0 0 0 0 0 0 0 0 0 0 0 0 51 129 143 116 79 108 198 247 247 180 6 0 0 0 0 0 0 0 0 0 0 0 0 0 0 0 0 0 76 183 229 238 245 251 252 249 213 62 0 0 0 0 0 0 0 0 0 0 0 0 0 0 0 0 0 0 8 135 223 252 252 252 243 164 52 0 0 0 0 0 0 0 0 0 0 0 0 0 0 0 0 0 0 0 0 0 18 94 128 103 27 0 0 0 0 0 0 0 0 0 0 0 0 0 0 0 0 0 0 0 0 0 0 0 0 0 0 0 0 0 0 0 0 0 0 0 0 0 0 0 0 0 0 0 0 0 0 0 0 0 0 0 0 0 0 0 0 0 0 0 0 0 0 0 0 0 0 0 0 0 0 0 0 0 0 0 0 0 0 0 0 0 0 0 0 0 0 0 0 0 0 0 0 0 0 0 0 

CLUSTER-8  size: 792
Centroid: 0 0 0 0 0 0 0 0 0 0 0 0 0 0 0 0 0 0 0 0 0 0 0 0 0 0 0 0 0 0 0 0 0 0 0 0 0 0 0 0 0 0 0 0 0 0 0 0 0 0 0 0 0 0 0 0 0 0 0 0 0 0 0 0 0 0 0 0 0 0 0 0 0 0 0 0 0 0 0 0 0 0 0 0 0 0 0 0 0 0 0 0 0 0 0 0 0 0 0 0 0 0 0 0 0 0 0 0 0 0 0 0 0 0 0 0 0 0 0 0 0 0 0 0 0 0 0 0 0 0 0 0 0 0 0 0 0 0 0 0 0 0 0 0 0 0 0 0 0 0 0 0 0 5 78 134 181 196 160 104 13 0 0 0 0 0 0 0 0 0 0 0 0 0 0 0 0 0 0 0 22 129 202 241 251 252 244 196 84 0 0 0 0 0 0 0 0 0 0 0 0 0 0 0 0 0 0 0 72 190 235 247 245 244 234 186 85 0 0 0 0 0 0 0 0 0 0 0 0 0 0 0 0 0 0 10 127 213 228 196 157 158 148 109 22 0 0 0 0 0 0 0 0 0 0 0 0 0 0 0 0 0 0 50 179 204 164 80 41 22 20 0 0 0 0 0 0 0 0 0 0 0 0 0 0 0 0 0 0 0 0 137 216 186 93 25 0 0 0 0 0 0 0 0 0 0 0 0 0 0 0 0 0 0 0 0 0 0 73 203 233 175 67 11 0 0 0 0 0 0 0 0 0 0 0 0 0 0 0 0 0 0 0 0 0 0 151 249 246 206 130 63 27 0 0 0 0 0 0 0 0 0 0 0 0 0 0 0 0 0 0 0 0 21 193 252 250 226 214 195 136 61 19 0 0 0 0 0 0 0 0 0 0 0 0 0 0 0 0 0 0 10 150 213 191 191 191 191 182 158 102 4 0 0 0 0 0 0 0 0 0 0 0 0 0 0 0 0 0 0 46 76 46 41 56 102 168 200 185 39 0 0 0 0 0 0 0 0 0 0 0 0 0 0 0 0 0 0 0 0 0 0 0 6 123 210 224 91 0 0 0 0 0 0 0 0 0 0 0 0 0 0 0 0 0 0 0 0 0 0 0 3 128 234 240 92 0 0 0 0 0 0 0 0 0 0 0 0 0 0 0 0 0 0 0 0 0 0 0 48 207 251 222 39 0 0 0 0 0 0 0 0 0 0 0 0 0 0 0 10 38 35 0 0 0 0 43 189 251 251 158 0 0 0 0 0 0 0 0 0 0 0 0 0 0 0 0 93 131 128 100 59 69 135 222 252 252 213 41 0 0 0 0 0 0 0 0 0 0 0 0 0 0 0 0 144 220 240 236 238 246 252 252 252 211 64 0 0 0 0 0 0 0 0 0 0 0 0 0 0 0 0 0 68 203 252 252 252 252 252 238 147 31 0 0 0 0 0 0 0 0 0 0 0 0 0 0 0 0 0 0 0 41 137 186 194 168 128 33 0 0 0 0 0 0 0 0 0 0 0 0 0 0 0 0 0 0 0 0 0 0 0 0 0 0 0 0 0 0 0 0 0 0 0 0 0 0 0 0 0 0 0 0 0 0 0 0 0 0 0 0 0 0 0 0 0 0 0 0 0 0 0 0 0 0 0 0 0 0 0 0 0 0 0 0 0 0 0 0 0 0 0 0 0 0 0 0 0 0 0 0 0 0 0 0 0 0 0 0 0 0 0 0 0 0 0 0 0 0 0 0 0 0 0 0 0 0 0 0 0 0 0 0 0 

CLUSTER-9  size: 813
Centroid: 0 0 0 0 0 0 0 0 0 0 0 0 0 0 0 0 0 0 0 0 0 0 0 0 0 0 0 0 0 0 0 0 0 0 0 0 0 0 0 0 0 0 0 0 0 0 0 0 0 0 0 0 0 0 0 0 0 0 0 0 0 0 0 0 0 0 0 0 0 0 0 0 0 0 0 0 0 0 0 0 0 0 0 0 0 0 0 0 0 0 0 0 0 0 0 0 0 0 0 0 0 0 0 0 0 0 0 0 0 0 0 0 0 0 0 0 0 0 0 0 0 0 0 0 0 0 0 0 0 0 0 0 0 0 0 0 0 0 0 0 0 0 0 0 0 0 0 0 0 0 0 0 0 0 0 0 0 0 0 0 0 0 0 0 0 0 0 0 0 0 0 0 0 0 0 0 0 0 0 0 18 84 143 180 195 209 170 114 17 0 0 0 0 0 0 0 0 0 0 0 0 0 0 0 0 0 0 85 170 218 230 231 226 232 239 216 141 12 0 0 0 0 0 0 0 0 0 0 0 0 0 0 0 0 61 180 226 232 206 159 144 197 242 248 205 50 0 0 0 0 0 0 0 0 0 0 0 0 0 0 0 0 101 177 191 128 54 7 11 103 233 250 200 38 0 0 0 0 0 0 0 0 0 0 0 0 0 0 0 0 70 119 52 0 0 0 0 110 244 247 178 6 0 0 0 0 0 0 0 0 0 0 0 0 0 0 0 0 7 20 0 0 0 0 29 201 252 233 106 0 0 0 0 0 0 0 0 0 0 0 0 0 0 0 0 0 0 0 0 0 0 7 156 252 251 178 9 0 0 0 0 0 0 0 0 0 0 0 0 0 0 0 0 0 0 0 0 0 13 145 251 252 223 61 0 0 0 0 0 0 0 0 0 0 0 0 0 0 0 0 0 0 0 0 27 82 176 250 252 248 122 0 0 0 0 0 0 0 0 0 0 0 0 0 0 0 0 0 0 0 0 21 127 221 252 253 252 174 11 0 0 0 0 0 0 0 0 0 0 0 0 0 0 0 0 0 0 0 0 54 179 244 252 253 212 38 0 0 0 0 0 0 0 0 0 0 0 0 0 0 0 0 0 0 0 0 6 98 201 252 253 252 128 0 0 0 0 0 0 0 0 0 0 0 0 0 0 0 0 0 0 0 0 0 42 140 233 252 252 212 41 0 0 0 0 0 0 0 0 0 0 0 0 0 0 0 0 0 0 0 0 12 102 197 245 252 225 123 0 0 0 0 0 0 0 0 0 0 0 0 0 0 0 0 0 0 0 0 0 84 193 240 249 224 130 19 0 0 0 0 0 0 0 0 0 0 0 0 0 0 0 0 0 0 0 0 25 151 235 246 225 142 25 0 0 0 0 0 0 0 0 0 0 0 0 0 0 0 0 0 0 0 0 0 56 176 234 229 162 44 0 0 0 0 0 0 0 0 0 0 0 0 0 0 0 0 0 0 0 0 0 0 19 142 218 198 75 0 0 0 0 0 0 0 0 0 0 0 0 0 0 0 0 0 0 0 0 0 0 0 0 16 66 27 0 0 0 0 0 0 0 0 0 0 0 0 0 0 0 0 0 0 0 0 0 0 0 0 0 0 0 0 0 0 0 0 0 0 0 0 0 0 0 0 0 0 0 0 0 0 0 0 0 0 0 0 0 0 0 0 0 0 0 0 0 0 0 0 0 0 0 0 0 0 0 0 0 0 0 0 0 0 0 0 0 0 0 0 0 0 0 0 0 0 0 0 0 0 0 0 0 0 0 0 
clustering_time: 31.984375 seconds
 *Silhouette* 
 Centroid-0 s= 0.164414 
 Centroid-1 s= 0.142349 
 Centroid-2 s= 0.068907 
 Centroid-3 s= 0.347379 
 Centroid-4 s= 0.132652 
 Centroid-5 s= -0.010264 
 Centroid-6 s= 0.060485 
 Centroid-7 s= 0.116468 
 Centroid-8 s= 0.083385 
 Centroid-9 s= 0.071620 
 Stotal= 0.137640 
